             r          p1s           p2s           p2p           p3s           p6p 
   0.00000E+00   0.00000E+00   0.00000E+00   0.00000E+00   0.00000E+00   0.00000E+00
   0.35172E-03   0.28118E-01   0.71021E-02   0.64227E-05   0.16172E-02   0.16734E-06
   0.17645E-02   0.13869E+00   0.35030E-01   0.16029E-03   0.79765E-02   0.41762E-05
   0.39655E-02   0.30357E+00   0.76660E-01   0.79896E-03   0.17456E-01   0.20816E-04
   0.64511E-02   0.47936E+00   0.12101E+00   0.20833E-02   0.27553E-01   0.54278E-04
   0.86521E-02   0.62619E+00   0.15799E+00   0.36986E-02   0.35973E-01   0.96362E-04
   0.10065E-01   0.71623E+00   0.18064E+00   0.49633E-02   0.41128E-01   0.12931E-03
   0.10768E-01   0.75986E+00   0.19160E+00   0.56576E-02   0.43623E-01   0.14740E-03
   0.12181E-01   0.84516E+00   0.21300E+00   0.71792E-02   0.48494E-01   0.18704E-03
   0.14382E-01   0.97195E+00   0.24474E+00   0.98785E-02   0.55716E-01   0.25736E-03
   0.16868E-01   0.11066E+01   0.27830E+00   0.13390E-01   0.63351E-01   0.34884E-03
   0.19069E-01   0.12185E+01   0.30607E+00   0.16892E-01   0.69667E-01   0.44006E-03
   0.20482E-01   0.12869E+01   0.32296E+00   0.19327E-01   0.73507E-01   0.50348E-03
   0.21185E-01   0.13200E+01   0.33110E+00   0.20592E-01   0.75358E-01   0.53644E-03
   0.22598E-01   0.13845E+01   0.34694E+00   0.23237E-01   0.78956E-01   0.60533E-03
   0.24799E-01   0.14800E+01   0.37023E+00   0.27627E-01   0.84248E-01   0.71964E-03
   0.27284E-01   0.15809E+01   0.39460E+00   0.32961E-01   0.89781E-01   0.85855E-03
   0.29485E-01   0.16643E+01   0.41453E+00   0.38004E-01   0.94300E-01   0.98985E-03
   0.30898E-01   0.17150E+01   0.42653E+00   0.41392E-01   0.97019E-01   0.10781E-02
   0.31602E-01   0.17394E+01   0.43227E+00   0.43122E-01   0.98321E-01   0.11231E-02
   0.33015E-01   0.17869E+01   0.44337E+00   0.46681E-01   0.10083E+00   0.12158E-02
   0.35216E-01   0.18569E+01   0.45950E+00   0.52441E-01   0.10448E+00   0.13657E-02
   0.37701E-01   0.19301E+01   0.47607E+00   0.59251E-01   0.10823E+00   0.15429E-02
   0.39902E-01   0.19902E+01   0.48933E+00   0.65537E-01   0.11122E+00   0.17065E-02
   0.41315E-01   0.20264E+01   0.49718E+00   0.69693E-01   0.11298E+00   0.18147E-02
   0.42018E-01   0.20438E+01   0.50090E+00   0.71797E-01   0.11382E+00   0.18694E-02
   0.43431E-01   0.20775E+01   0.50798E+00   0.76089E-01   0.11541E+00   0.19811E-02
   0.45632E-01   0.21266E+01   0.51804E+00   0.82948E-01   0.11766E+00   0.21595E-02
   0.48118E-01   0.21775E+01   0.52801E+00   0.90934E-01   0.11989E+00   0.23672E-02
   0.50319E-01   0.22186E+01   0.53566E+00   0.98209E-01   0.12159E+00   0.25564E-02
   0.51732E-01   0.22431E+01   0.54000E+00   0.10297E+00   0.12255E+00   0.26802E-02
   0.52435E-01   0.22548E+01   0.54200E+00   0.10537E+00   0.12299E+00   0.27426E-02
   0.53848E-01   0.22772E+01   0.54570E+00   0.11024E+00   0.12380E+00   0.28692E-02
   0.56049E-01   0.23095E+01   0.55064E+00   0.11797E+00   0.12488E+00   0.30700E-02
   0.58534E-01   0.23423E+01   0.55506E+00   0.12688E+00   0.12583E+00   0.33014E-02
   0.60735E-01   0.23681E+01   0.55798E+00   0.13492E+00   0.12644E+00   0.35104E-02
   0.62148E-01   0.23832E+01   0.55938E+00   0.14016E+00   0.12672E+00   0.36464E-02
   0.62852E-01   0.23903E+01   0.55994E+00   0.14279E+00   0.12683E+00   0.37147E-02
   0.64265E-01   0.24037E+01   0.56080E+00   0.14810E+00   0.12699E+00   0.38528E-02
   0.66466E-01   0.24225E+01   0.56146E+00   0.15649E+00   0.12708E+00   0.40705E-02
   0.68951E-01   0.24407E+01   0.56122E+00   0.16610E+00   0.12695E+00   0.43199E-02
   0.71152E-01   0.24543E+01   0.56019E+00   0.17473E+00   0.12665E+00   0.45438E-02
   0.72565E-01   0.24618E+01   0.55913E+00   0.18033E+00   0.12636E+00   0.46888E-02
   0.73268E-01   0.24652E+01   0.55849E+00   0.18312E+00   0.12619E+00   0.47614E-02
   0.74681E-01   0.24715E+01   0.55698E+00   0.18878E+00   0.12581E+00   0.49080E-02
   0.76882E-01   0.24794E+01   0.55407E+00   0.19766E+00   0.12507E+00   0.51382E-02
   0.79368E-01   0.24861E+01   0.54996E+00   0.20779E+00   0.12405E+00   0.54007E-02
   0.81569E-01   0.24900E+01   0.54565E+00   0.21684E+00   0.12299E+00   0.56351E-02
   0.82982E-01   0.24915E+01   0.54255E+00   0.22269E+00   0.12223E+00   0.57866E-02
   0.83685E-01   0.24920E+01   0.54092E+00   0.22561E+00   0.12184E+00   0.58623E-02
   0.85098E-01   0.24925E+01   0.53745E+00   0.23150E+00   0.12099E+00   0.60147E-02
   0.87299E-01   0.24920E+01   0.53158E+00   0.24073E+00   0.11957E+00   0.62535E-02
   0.89784E-01   0.24895E+01   0.52429E+00   0.25122E+00   0.11782E+00   0.65247E-02
   0.91985E-01   0.24858E+01   0.51727E+00   0.26056E+00   0.11613E+00   0.67662E-02
   0.93398E-01   0.24827E+01   0.51250E+00   0.26658E+00   0.11499E+00   0.69218E-02
   0.94146E-01   0.24808E+01   0.50989E+00   0.26977E+00   0.11437E+00   0.70043E-02
   0.95735E-01   0.24763E+01   0.50417E+00   0.27657E+00   0.11300E+00   0.71800E-02
   0.98211E-01   0.24680E+01   0.49476E+00   0.28721E+00   0.11075E+00   0.74546E-02
   0.10101E+00   0.24569E+01   0.48347E+00   0.29926E+00   0.10806E+00   0.77658E-02
   0.10348E+00   0.24455E+01   0.47290E+00   0.30998E+00   0.10555E+00   0.80421E-02
   0.10507E+00   0.24375E+01   0.46585E+00   0.31687E+00   0.10387E+00   0.82197E-02
   0.10591E+00   0.24331E+01   0.46204E+00   0.32052E+00   0.10297E+00   0.83138E-02
   0.10770E+00   0.24232E+01   0.45375E+00   0.32829E+00   0.10100E+00   0.85139E-02
   0.11049E+00   0.24066E+01   0.44037E+00   0.34041E+00   0.97827E-01   0.88259E-02
   0.11363E+00   0.23862E+01   0.42460E+00   0.35411E+00   0.94093E-01   0.91784E-02
   0.11642E+00   0.23669E+01   0.41009E+00   0.36625E+00   0.90661E-01   0.94904E-02
   0.11821E+00   0.23539E+01   0.40053E+00   0.37404E+00   0.88400E-01   0.96905E-02
   0.11915E+00   0.23468E+01   0.39539E+00   0.37816E+00   0.87186E-01   0.97963E-02
   0.12116E+00   0.23314E+01   0.38430E+00   0.38692E+00   0.84566E-01   0.10021E-01
   0.12430E+00   0.23063E+01   0.36659E+00   0.40054E+00   0.80384E-01   0.10371E-01
   0.12784E+00   0.22766E+01   0.34599E+00   0.41590E+00   0.75526E-01   0.10764E-01
   0.13097E+00   0.22493E+01   0.32727E+00   0.42946E+00   0.71114E-01   0.11111E-01
   0.13298E+00   0.22313E+01   0.31503E+00   0.43815E+00   0.68232E-01   0.11333E-01
   0.13405E+00   0.22217E+01   0.30849E+00   0.44273E+00   0.66692E-01   0.11450E-01
   0.13631E+00   0.22008E+01   0.29445E+00   0.45246E+00   0.63385E-01   0.11699E-01
   0.13984E+00   0.21676E+01   0.27220E+00   0.46756E+00   0.58151E-01   0.12084E-01
   0.14382E+00   0.21291E+01   0.24660E+00   0.48451E+00   0.52133E-01   0.12516E-01
   0.14734E+00   0.20943E+01   0.22355E+00   0.49943E+00   0.46720E-01   0.12895E-01
   0.14961E+00   0.20717E+01   0.20859E+00   0.50894E+00   0.43209E-01   0.13137E-01
   0.15080E+00   0.20597E+01   0.20063E+00   0.51396E+00   0.41341E-01   0.13264E-01
   0.15335E+00   0.20339E+01   0.18361E+00   0.52459E+00   0.37346E-01   0.13533E-01
   0.15732E+00   0.19933E+01   0.15683E+00   0.54103E+00   0.31070E-01   0.13950E-01
   0.16179E+00   0.19471E+01   0.12630E+00   0.55941E+00   0.23919E-01   0.14414E-01
   0.16576E+00   0.19059E+01   0.99049E-01   0.57550E+00   0.17542E-01   0.14819E-01
   0.16831E+00   0.18793E+01   0.81475E-01   0.58574E+00   0.13433E-01   0.15077E-01
   0.16965E+00   0.18653E+01   0.72156E-01   0.59113E+00   0.11255E-01   0.15213E-01
   0.17252E+00   0.18354E+01   0.52300E-01   0.60252E+00   0.66160E-02   0.15498E-01
   0.17698E+00   0.17889E+01   0.21288E-01   0.62006E+00  -0.62199E-03   0.15938E-01
   0.18202E+00   0.17366E+01  -0.13788E-01   0.63956E+00  -0.87984E-02   0.16425E-01
   0.18648E+00   0.16905E+01  -0.44838E-01   0.65656E+00  -0.16027E-01   0.16848E-01
   0.18935E+00   0.16611E+01  -0.64741E-01   0.66733E+00  -0.20656E-01   0.17115E-01
   0.19086E+00   0.16456E+01  -0.75257E-01   0.67299E+00  -0.23100E-01   0.17256E-01
   0.19408E+00   0.16129E+01  -0.97579E-01   0.68490E+00  -0.28284E-01   0.17550E-01
   0.19910E+00   0.15624E+01  -0.13221E+00   0.70318E+00  -0.36316E-01   0.18001E-01
   0.20477E+00   0.15061E+01  -0.17106E+00   0.72338E+00  -0.45309E-01   0.18497E-01
   0.20979E+00   0.14572E+01  -0.20517E+00   0.74087E+00  -0.53189E-01   0.18924E-01
   0.21301E+00   0.14262E+01  -0.22689E+00   0.75190E+00  -0.58201E-01   0.19193E-01
   0.21472E+00   0.14100E+01  -0.23833E+00   0.75768E+00  -0.60836E-01   0.19333E-01
   0.21834E+00   0.13758E+01  -0.26251E+00   0.76981E+00  -0.66402E-01   0.19627E-01
   0.22399E+00   0.13236E+01  -0.29978E+00   0.78830E+00  -0.74961E-01   0.20073E-01
   0.23037E+00   0.12661E+01  -0.34121E+00   0.80860E+00  -0.84448E-01   0.20558E-01
   0.23601E+00   0.12166E+01  -0.37727E+00   0.82605E+00  -0.92680E-01   0.20973E-01
   0.23964E+00   0.11855E+01  -0.40009E+00   0.83698E+00  -0.97875E-01   0.21231E-01
   0.24156E+00   0.11693E+01  -0.41205E+00   0.84268E+00  -0.10059E+00   0.21365E-01
   0.24564E+00   0.11354E+01  -0.43724E+00   0.85462E+00  -0.10631E+00   0.21644E-01
   0.25199E+00   0.10839E+01  -0.47576E+00   0.87269E+00  -0.11502E+00   0.22064E-01
   0.25916E+00   0.10279E+01  -0.51817E+00   0.89233E+00  -0.12456E+00   0.22515E-01
   0.26552E+00   0.98019E+00  -0.55472E+00   0.90905E+00  -0.13274E+00   0.22895E-01
   0.26959E+00   0.95049E+00  -0.57767E+00   0.91945E+00  -0.13786E+00   0.23128E-01
   0.27175E+00   0.93507E+00  -0.58965E+00   0.92485E+00  -0.14052E+00   0.23249E-01
   0.27634E+00   0.90295E+00  -0.61475E+00   0.93609E+00  -0.14608E+00   0.23498E-01
   0.28349E+00   0.85469E+00  -0.65280E+00   0.95295E+00  -0.15446E+00   0.23866E-01
   0.29156E+00   0.80278E+00  -0.69422E+00   0.97105E+00  -0.16350E+00   0.24254E-01
   0.29871E+00   0.75905E+00  -0.72950E+00   0.98626E+00  -0.17113E+00   0.24573E-01
   0.30329E+00   0.73206E+00  -0.75146E+00   0.99562E+00  -0.17585E+00   0.24765E-01
   0.30572E+00   0.71812E+00  -0.76286E+00   0.10004E+01  -0.17828E+00   0.24863E-01
   0.31088E+00   0.68923E+00  -0.78659E+00   0.10104E+01  -0.18332E+00   0.25062E-01
   0.31892E+00   0.64625E+00  -0.82218E+00   0.10252E+01  -0.19080E+00   0.25350E-01
   0.32800E+00   0.60056E+00  -0.86038E+00   0.10408E+01  -0.19870E+00   0.25641E-01
   0.33604E+00   0.56254E+00  -0.89245E+00   0.10536E+01  -0.20522E+00   0.25870E-01
   0.34121E+00   0.53928E+00  -0.91217E+00   0.10614E+01  -0.20916E+00   0.26003E-01
   0.34394E+00   0.52733E+00  -0.92233E+00   0.10654E+01  -0.21118E+00   0.26068E-01
   0.34974E+00   0.50272E+00  -0.94332E+00   0.10735E+01  -0.21529E+00   0.26198E-01
   0.35879E+00   0.46646E+00  -0.97436E+00   0.10853E+01  -0.22124E+00   0.26373E-01
   0.36900E+00   0.42842E+00  -0.10070E+01   0.10973E+01  -0.22730E+00   0.26532E-01
   0.37805E+00   0.39715E+00  -0.10339E+01   0.11070E+01  -0.23209E+00   0.26640E-01
   0.38386E+00   0.37822E+00  -0.10501E+01   0.11126E+01  -0.23489E+00   0.26694E-01
   0.38693E+00   0.36855E+00  -0.10584E+01   0.11155E+01  -0.23628E+00   0.26717E-01
   0.39346E+00   0.34875E+00  -0.10753E+01   0.11211E+01  -0.23905E+00   0.26755E-01
   0.40364E+00   0.31990E+00  -0.10998E+01   0.11290E+01  -0.24283E+00   0.26785E-01
   0.41513E+00   0.29005E+00  -0.11248E+01   0.11366E+01  -0.24635E+00   0.26777E-01
   0.42531E+00   0.26585E+00  -0.11447E+01   0.11422E+01  -0.24882E+00   0.26733E-01
   0.43184E+00   0.25135E+00  -0.11563E+01   0.11453E+01  -0.25009E+00   0.26688E-01
   0.43529E+00   0.24399E+00  -0.11622E+01   0.11468E+01  -0.25067E+00   0.26659E-01
   0.44264E+00   0.22902E+00  -0.11738E+01   0.11495E+01  -0.25169E+00   0.26585E-01
   0.45409E+00   0.20746E+00  -0.11900E+01   0.11528E+01  -0.25270E+00   0.26438E-01
   0.46702E+00   0.18548E+00  -0.12056E+01   0.11551E+01  -0.25303E+00   0.26228E-01
   0.47847E+00   0.16793E+00  -0.12170E+01   0.11561E+01  -0.25265E+00   0.26004E-01
   0.48582E+00   0.15754E+00  -0.12232E+01   0.11561E+01  -0.25207E+00   0.25843E-01
   0.48971E+00   0.15229E+00  -0.12262E+01   0.11560E+01  -0.25167E+00   0.25753E-01
   0.49797E+00   0.14171E+00  -0.12318E+01   0.11554E+01  -0.25059E+00   0.25547E-01
   0.51085E+00   0.12666E+00  -0.12385E+01   0.11535E+01  -0.24833E+00   0.25196E-01
   0.52540E+00   0.11156E+00  -0.12435E+01   0.11501E+01  -0.24497E+00   0.24755E-01
   0.53828E+00   0.99693E-01  -0.12457E+01   0.11460E+01  -0.24131E+00   0.24327E-01
   0.54655E+00   0.92750E-01  -0.12460E+01   0.11429E+01  -0.23865E+00   0.24035E-01
   0.55092E+00   0.89275E-01  -0.12459E+01   0.11411E+01  -0.23714E+00   0.23875E-01
   0.56022E+00   0.82314E-01  -0.12450E+01   0.11370E+01  -0.23373E+00   0.23523E-01
   0.57471E+00   0.72544E-01  -0.12419E+01   0.11297E+01  -0.22785E+00   0.22945E-01
   0.59107E+00   0.62911E-01  -0.12359E+01   0.11203E+01  -0.22045E+00   0.22249E-01
   0.60556E+00   0.55470E-01  -0.12288E+01   0.11111E+01  -0.21328E+00   0.21598E-01
   0.61486E+00   0.51173E-01  -0.12233E+01   0.11048E+01  -0.20839E+00   0.21164E-01
   0.61978E+00   0.49039E-01  -0.12201E+01   0.11013E+01  -0.20571E+00   0.20929E-01
   0.63025E+00   0.44800E-01  -0.12129E+01   0.10937E+01  -0.19984E+00   0.20420E-01
   0.64655E+00   0.38933E-01  -0.12002E+01   0.10811E+01  -0.19020E+00   0.19598E-01
   0.66496E+00   0.33254E-01  -0.11839E+01   0.10659E+01  -0.17866E+00   0.18633E-01
   0.68126E+00   0.28945E-01  -0.11681E+01   0.10518E+01  -0.16793E+00   0.17747E-01
   0.69172E+00   0.26490E-01  -0.11573E+01   0.10425E+01  -0.16080E+00   0.17164E-01
   0.69726E+00   0.25281E-01  -0.11514E+01   0.10375E+01  -0.15696E+00   0.16851E-01
   0.70903E+00   0.22900E-01  -0.11385E+01   0.10266E+01  -0.14865E+00   0.16178E-01
   0.72737E+00   0.19651E-01  -0.11174E+01   0.10091E+01  -0.13533E+00   0.15105E-01
   0.74808E+00   0.16565E-01  -0.10923E+01   0.98887E+00  -0.11981E+00   0.13862E-01
   0.76642E+00   0.14265E-01  -0.10693E+01   0.97051E+00  -0.10569E+00   0.12736E-01
   0.77819E+00   0.12972E-01  -0.10541E+01   0.95855E+00  -0.96468E-01   0.12003E-01
   0.78441E+00   0.12341E-01  -0.10460E+01   0.95218E+00  -0.91545E-01   0.11612E-01
   0.79766E+00   0.11107E-01  -0.10286E+01   0.93854E+00  -0.80980E-01   0.10773E-01
   0.81829E+00   0.94476E-02  -0.10010E+01   0.91710E+00  -0.64299E-01   0.94478E-02
   0.84159E+00   0.78978E-02  -0.96934E+00   0.89267E+00  -0.45193E-01   0.79293E-02
   0.86222E+00   0.67618E-02  -0.94109E+00   0.87095E+00  -0.28098E-01   0.65675E-02
   0.87546E+00   0.61312E-02  -0.92290E+00   0.85699E+00  -0.17059E-01   0.56860E-02
   0.88247E+00   0.58251E-02  -0.91328E+00   0.84960E+00  -0.11203E-01   0.52176E-02
   0.89737E+00   0.52312E-02  -0.89283E+00   0.83392E+00   0.12760E-02   0.42171E-02
   0.92057E+00   0.44415E-02  -0.86109E+00   0.80957E+00   0.20761E-01   0.26484E-02
   0.94679E+00   0.37136E-02  -0.82556E+00   0.78227E+00   0.42772E-01   0.86468E-03
   0.97000E+00   0.31860E-02  -0.79449E+00   0.75834E+00   0.62217E-01  -0.72279E-03
   0.98489E+00   0.28953E-02  -0.77480E+00   0.74312E+00   0.74654E-01  -0.17447E-02
   0.99278E+00   0.27548E-02  -0.76446E+00   0.73513E+00   0.81215E-01  -0.22859E-02
   0.10095E+01   0.24830E-02  -0.74270E+00   0.71824E+00   0.95119E-01  -0.34382E-02
   0.10356E+01   0.21234E-02  -0.70943E+00   0.69232E+00   0.11662E+00  -0.52350E-02
   0.10651E+01   0.17932E-02  -0.67287E+00   0.66363E+00   0.14061E+00  -0.72640E-02
   0.10912E+01   0.15541E-02  -0.64145E+00   0.63881E+00   0.16156E+00  -0.90581E-02
   0.11080E+01   0.14222E-02  -0.62179E+00   0.62317E+00   0.17485E+00  -0.10208E-01
   0.11169E+01   0.13583E-02  -0.61155E+00   0.61499E+00   0.18182E+00  -0.10815E-01
   0.11357E+01   0.12346E-02  -0.59015E+00   0.59784E+00   0.19651E+00  -0.12103E-01
   0.11651E+01   0.10698E-02  -0.55786E+00   0.57175E+00   0.21902E+00  -0.14103E-01
   0.11983E+01   0.91701E-03  -0.52294E+00   0.54324E+00   0.24384E+00  -0.16347E-01
   0.12277E+01   0.80491E-03  -0.49342E+00   0.51885E+00   0.26525E+00  -0.18320E-01
   0.12465E+01   0.74233E-03  -0.47516E+00   0.50363E+00   0.27871E+00  -0.19578E-01
   0.12565E+01   0.71179E-03  -0.46571E+00   0.49572E+00   0.28573E+00  -0.20241E-01
   0.12777E+01   0.65214E-03  -0.44612E+00   0.47920E+00   0.30045E+00  -0.21645E-01
   0.13107E+01   0.57153E-03  -0.41692E+00   0.45432E+00   0.32276E+00  -0.23812E-01
   0.13481E+01   0.49519E-03  -0.38585E+00   0.42746E+00   0.34705E+00  -0.26230E-01
   0.13811E+01   0.43801E-03  -0.35997E+00   0.40476E+00   0.36772E+00  -0.28344E-01
   0.14023E+01   0.40558E-03  -0.34415E+00   0.39071E+00   0.38057E+00  -0.29686E-01
   0.14135E+01   0.38961E-03  -0.33602E+00   0.38345E+00   0.38723E+00  -0.30391E-01
   0.14374E+01   0.35812E-03  -0.31929E+00   0.36838E+00   0.40110E+00  -0.31880E-01
   0.14746E+01   0.31490E-03  -0.29467E+00   0.34590E+00   0.42187E+00  -0.34169E-01
   0.15166E+01   0.27324E-03  -0.26888E+00   0.32193E+00   0.44410E+00  -0.36707E-01
   0.15537E+01   0.24155E-03  -0.24775E+00   0.30192E+00   0.46270E+00  -0.38912E-01
   0.15776E+01   0.22340E-03  -0.23498E+00   0.28966E+00   0.47410E+00  -0.40306E-01
   0.15902E+01   0.21442E-03  -0.22847E+00   0.28335E+00   0.47997E+00  -0.41036E-01
   0.16171E+01   0.19661E-03  -0.21516E+00   0.27034E+00   0.49205E+00  -0.42574E-01
   0.16589E+01   0.17201E-03  -0.19583E+00   0.25113E+00   0.50985E+00  -0.44925E-01
   0.17061E+01   0.14816E-03  -0.17593E+00   0.23093E+00   0.52844E+00  -0.47516E-01
   0.17480E+01   0.12996E-03  -0.15989E+00   0.21428E+00   0.54361E+00  -0.49752E-01
   0.17748E+01   0.11953E-03  -0.15032E+00   0.20418E+00   0.55272E+00  -0.51159E-01
   0.17890E+01   0.11437E-03  -0.14548E+00   0.19901E+00   0.55734E+00  -0.51893E-01
   0.18192E+01   0.10414E-03  -0.13566E+00   0.18843E+00   0.56672E+00  -0.53435E-01
   0.18663E+01   0.90051E-04  -0.12160E+00   0.17297E+00   0.58014E+00  -0.55778E-01
   0.19194E+01   0.76450E-04  -0.10738E+00   0.15693E+00   0.59361E+00  -0.58340E-01
   0.19665E+01   0.66142E-04  -0.96123E-01   0.14391E+00   0.60409E+00  -0.60533E-01
   0.19967E+01   0.60267E-04  -0.89499E-01   0.13609E+00   0.61012E+00  -0.61904E-01
   0.20126E+01   0.57372E-04  -0.86174E-01   0.13212E+00   0.61310E+00  -0.62617E-01
   0.20466E+01   0.51662E-04  -0.79493E-01   0.12403E+00   0.61896E+00  -0.64107E-01
   0.20996E+01   0.43857E-04  -0.70066E-01   0.11237E+00   0.62682E+00  -0.66356E-01
   0.21593E+01   0.36409E-04  -0.60717E-01   0.10045E+00   0.63392E+00  -0.68790E-01
   0.22123E+01   0.30833E-04  -0.53457E-01   0.90922E-01   0.63873E+00  -0.70851E-01
   0.22462E+01   0.27687E-04  -0.49250E-01   0.85268E-01   0.64111E+00  -0.72128E-01
   0.22642E+01   0.26146E-04  -0.47157E-01   0.82416E-01   0.64216E+00  -0.72789E-01
   0.23024E+01   0.23127E-04  -0.42990E-01   0.76653E-01   0.64391E+00  -0.74162E-01
   0.23620E+01   0.19049E-04  -0.37207E-01   0.68445E-01   0.64540E+00  -0.76210E-01
   0.24292E+01   0.15220E-04  -0.31592E-01   0.60200E-01   0.64539E+00  -0.78392E-01
   0.24888E+01   0.12400E-04  -0.27324E-01   0.53714E-01   0.64399E+00  -0.80209E-01
   0.25270E+01   0.10830E-04  -0.24890E-01   0.49916E-01   0.64244E+00  -0.81319E-01
   0.25472E+01   0.10068E-04  -0.23691E-01   0.48014E-01   0.64143E+00  -0.81889E-01
   0.25903E+01   0.85872E-05  -0.21329E-01   0.44203E-01   0.63886E+00  -0.83058E-01
   0.26572E+01   0.66188E-05  -0.18109E-01   0.38851E-01   0.63376E+00  -0.84771E-01
   0.27329E+01   0.48105E-05  -0.15053E-01   0.33573E-01   0.62656E+00  -0.86543E-01
   0.27999E+01   0.35097E-05  -0.12783E-01   0.29494E-01   0.61902E+00  -0.87972E-01
   0.28429E+01   0.27994E-05  -0.11512E-01   0.27139E-01   0.61367E+00  -0.88819E-01
   0.28657E+01   0.24585E-05  -0.10892E-01   0.25970E-01   0.61069E+00  -0.89246E-01
   0.29140E+01   0.18055E-05  -0.96842E-02   0.23647E-01   0.60402E+00  -0.90102E-01
   0.29894E+01   0.95847E-06  -0.80692E-02   0.20435E-01   0.59282E+00  -0.91301E-01
   0.30745E+01   0.20757E-06  -0.65745E-02   0.17328E-01   0.57915E+00  -0.92457E-01
   0.31499E+01  -0.31105E-06  -0.54910E-02   0.14974E-01   0.56626E+00  -0.93307E-01
   0.31983E+01  -0.58424E-06  -0.48955E-02   0.13636E-01   0.55766E+00  -0.93767E-01
   0.32239E+01  -0.71230E-06  -0.46084E-02   0.12977E-01   0.55302E+00  -0.93983E-01
   0.32783E+01  -0.95092E-06  -0.40555E-02   0.11681E-01   0.54297E+00  -0.94382E-01
   0.33631E+01  -0.12440E-05  -0.33308E-02   0.99168E-02   0.52688E+00  -0.94837E-01
   0.34588E+01  -0.14820E-05  -0.26768E-02   0.82466E-02   0.50823E+00  -0.95109E-01
   0.35436E+01  -0.16282E-05  -0.22143E-02   0.70076E-02   0.49142E+00  -0.95138E-01
   0.35980E+01  -0.16963E-05  -0.19648E-02   0.63140E-02   0.48054E+00  -0.95054E-01
   0.36268E+01  -0.17254E-05  -0.18457E-02   0.59759E-02   0.47476E+00  -0.94976E-01
   0.36881E+01  -0.17732E-05  -0.16190E-02   0.53173E-02   0.46245E+00  -0.94737E-01
   0.37835E+01  -0.18156E-05  -0.13273E-02   0.44363E-02   0.44328E+00  -0.94166E-01
   0.38912E+01  -0.18269E-05  -0.10698E-02   0.36202E-02   0.42175E+00  -0.93234E-01
   0.39866E+01  -0.18128E-05  -0.89121E-03   0.30276E-02   0.40291E+00  -0.92160E-01
   0.40478E+01  -0.17945E-05  -0.79613E-03   0.27013E-02   0.39095E+00  -0.91349E-01
   0.40802E+01  -0.17825E-05  -0.75110E-03   0.25437E-02   0.38469E+00  -0.90883E-01
   0.41491E+01  -0.17522E-05  -0.66592E-03   0.22399E-02   0.37149E+00  -0.89806E-01
   0.42564E+01  -0.16951E-05  -0.55732E-03   0.18404E-02   0.35136E+00  -0.87901E-01
   0.43776E+01  -0.16204E-05  -0.46216E-03   0.14781E-02   0.32932E+00  -0.85428E-01
   0.44849E+01  -0.15486E-05  -0.39623E-03   0.12203E-02   0.31047E+00  -0.82963E-01
   0.45538E+01  -0.15008E-05  -0.36100E-03   0.10805E-02   0.29872E+00  -0.81251E-01
   0.45902E+01  -0.14753E-05  -0.34425E-03   0.10136E-02   0.29262E+00  -0.80305E-01
   0.46677E+01  -0.14204E-05  -0.31235E-03   0.88579E-03   0.27993E+00  -0.78203E-01
   0.47884E+01  -0.13348E-05  -0.27108E-03   0.72018E-03   0.26089E+00  -0.74693E-01
   0.49248E+01  -0.12393E-05  -0.23389E-03   0.57267E-03   0.24052E+00  -0.70403E-01
   0.50455E+01  -0.11571E-05  -0.20717E-03   0.46942E-03   0.22348E+00  -0.66336E-01
   0.51230E+01  -0.11058E-05  -0.19240E-03   0.41404E-03   0.21303E+00  -0.63601E-01
   0.51640E+01  -0.10791E-05  -0.18522E-03   0.38770E-03   0.20765E+00  -0.62117E-01
   0.52512E+01  -0.10238E-05  -0.17123E-03   0.33767E-03   0.19658E+00  -0.58879E-01
   0.53870E+01  -0.94132E-06  -0.15232E-03   0.27344E-03   0.18027E+00  -0.53629E-01
   0.55404E+01  -0.85387E-06  -0.13426E-03   0.21675E-03   0.16319E+00  -0.47428E-01
   0.56762E+01  -0.78160E-06  -0.12053E-03   0.17729E-03   0.14921E+00  -0.41726E-01
   0.57634E+01  -0.73778E-06  -0.11262E-03   0.15619E-03   0.14077E+00  -0.37975E-01
   0.58095E+01  -0.71539E-06  -0.10868E-03   0.14615E-03   0.13648E+00  -0.35966E-01
   0.59076E+01  -0.66960E-06  -0.10084E-03   0.12709E-03   0.12772E+00  -0.31639E-01
   0.60604E+01  -0.60306E-06  -0.89852E-04   0.10257E-03   0.11504E+00  -0.24776E-01
   0.62329E+01  -0.53465E-06  -0.78968E-04   0.80783E-04   0.10207E+00  -0.16888E-01
   0.63857E+01  -0.47972E-06  -0.70463E-04   0.65464E-04   0.91682E-01  -0.98251E-02
   0.64838E+01  -0.44709E-06  -0.65492E-04   0.57182E-04   0.85525E-01  -0.52699E-02
   0.65357E+01  -0.43062E-06  -0.63004E-04   0.53217E-04   0.82421E-01  -0.28574E-02
   0.66460E+01  -0.39735E-06  -0.58015E-04   0.45621E-04   0.76157E-01   0.22716E-02
   0.68179E+01  -0.35003E-06  -0.50995E-04   0.35694E-04   0.67260E-01   0.10232E-01
   0.70120E+01  -0.30267E-06  -0.44041E-04   0.26674E-04   0.58369E-01   0.19127E-01
   0.71839E+01  -0.26561E-06  -0.38640E-04   0.20172E-04   0.51418E-01   0.26869E-01
   0.72943E+01  -0.24403E-06  -0.35508E-04   0.16586E-04   0.47373E-01   0.31752E-01
   0.73526E+01  -0.23326E-06  -0.33949E-04   0.14848E-04   0.45356E-01   0.34303E-01
   0.74768E+01  -0.21178E-06  -0.30845E-04   0.11478E-04   0.41331E-01   0.39647E-01
   0.76702E+01  -0.18187E-06  -0.26533E-04   0.69798E-05   0.35728E-01   0.47723E-01
   0.78885E+01  -0.15273E-06  -0.22345E-04   0.27860E-05   0.30270E-01   0.56427E-01
   0.80819E+01  -0.13056E-06  -0.19161E-04  -0.30512E-06   0.26111E-01   0.63716E-01
   0.82061E+01  -0.11791E-06  -0.17346E-04  -0.20346E-05   0.23738E-01   0.68169E-01
   0.82717E+01  -0.11168E-06  -0.16453E-04  -0.28785E-05   0.22568E-01   0.70450E-01
   0.84114E+01  -0.99416E-07  -0.14694E-04  -0.45257E-05   0.20263E-01   0.75119E-01
   0.86289E+01  -0.82733E-07  -0.12302E-04  -0.67392E-05   0.17121E-01   0.81883E-01
   0.88746E+01  -0.66977E-07  -0.10041E-04  -0.88030E-05   0.14144E-01   0.88735E-01
   0.90922E+01  -0.55349E-07  -0.83709E-05  -0.10306E-04   0.11937E-01   0.94073E-01
   0.92318E+01  -0.48878E-07  -0.74401E-05  -0.11132E-04   0.10704E-01   0.97127E-01
   0.93057E+01  -0.45738E-07  -0.69878E-05  -0.11528E-04   0.10103E-01   0.98623E-01
   0.94628E+01  -0.39653E-07  -0.61104E-05  -0.12284E-04   0.89355E-02   0.10153E+00
   0.97075E+01  -0.31604E-07  -0.49466E-05  -0.13248E-04   0.73791E-02   0.10529E+00
   0.99839E+01  -0.24281E-07  -0.38829E-05  -0.14055E-04   0.59458E-02   0.10842E+00
   0.10229E+02  -0.19085E-07  -0.31234E-05  -0.14548E-04   0.49127E-02   0.11020E+00
   0.10386E+02  -0.16285E-07  -0.27116E-05  -0.14765E-04   0.43474E-02   0.11085E+00
   0.10469E+02  -0.14952E-07  -0.25148E-05  -0.14849E-04   0.40756E-02   0.11105E+00
   0.10646E+02  -0.12424E-07  -0.21397E-05  -0.14965E-04   0.35539E-02   0.11111E+00
   0.10921E+02  -0.92099E-08  -0.16576E-05  -0.14979E-04   0.28735E-02   0.11030E+00
   0.11232E+02  -0.64430E-08  -0.12353E-05  -0.14772E-04   0.22635E-02   0.10809E+00
   0.11507E+02  -0.45975E-08  -0.94715E-06  -0.14411E-04   0.18348E-02   0.10504E+00
   0.11684E+02  -0.36552E-08  -0.79654E-06  -0.14097E-04   0.16044E-02   0.10256E+00
   0.11778E+02  -0.32224E-08  -0.72622E-06  -0.13907E-04   0.14948E-02   0.10110E+00
   0.11976E+02  -0.24346E-08  -0.59556E-06  -0.13449E-04   0.12864E-02   0.97640E-01
   0.12286E+02  -0.15102E-08  -0.43532E-06  -0.12604E-04   0.10190E-02   0.91367E-01
   0.12636E+02  -0.81171E-09  -0.30412E-06  -0.11476E-04   0.78348E-03   0.83103E-01
   0.12946E+02  -0.42187E-09  -0.22123E-06  -0.10342E-04   0.62006E-03   0.74858E-01
   0.13145E+02  -0.25834E-09  -0.18082E-06  -0.95555E-05   0.53288E-03   0.69159E-01
   0.13250E+02  -0.19438E-09  -0.16282E-06  -0.91231E-05   0.49151E-03   0.66028E-01
   0.13473E+02  -0.10205E-09  -0.13117E-06  -0.81692E-05   0.41307E-03   0.59125E-01
   0.13822E+02  -0.52542E-10  -0.96477E-07  -0.66025E-05   0.31248E-03   0.47796E-01
   0.14215E+02  -0.94113E-10  -0.73105E-07  -0.47402E-05   0.22350E-03   0.34330E-01
   0.14564E+02  -0.18659E-09  -0.62160E-07  -0.30332E-05   0.16118E-03   0.21983E-01
   0.14788E+02  -0.26357E-09  -0.58588E-07  -0.19192E-05   0.12760E-03   0.13920E-01
   0.14906E+02  -0.30813E-09  -0.57548E-07  -0.13262E-05   0.11157E-03   0.96272E-02
   0.15158E+02  -0.40890E-09  -0.56899E-07  -0.61254E-07   0.80928E-04   0.46536E-03
   0.15550E+02  -0.57419E-09  -0.58999E-07   0.19061E-05   0.41136E-04  -0.13795E-01
   0.15992E+02  -0.76021E-09  -0.64099E-07   0.40954E-05   0.54002E-05  -0.29679E-01
   0.16384E+02  -0.91559E-09  -0.69742E-07   0.59795E-05  -0.19882E-04  -0.43364E-01
   0.16636E+02  -0.10082E-08  -0.73537E-07   0.71518E-05  -0.33532E-04  -0.51886E-01
   0.16769E+02  -0.10546E-08  -0.75537E-07   0.77581E-05  -0.40037E-04  -0.56295E-01
   0.17052E+02  -0.11467E-08  -0.79682E-07   0.90117E-05  -0.52387E-04  -0.65417E-01
   0.17493E+02  -0.12712E-08  -0.85594E-07   0.10856E-04  -0.68095E-04  -0.78846E-01
   0.17991E+02  -0.13826E-08  -0.91118E-07   0.12756E-04  -0.81494E-04  -0.92703E-01
   0.18432E+02  -0.14546E-08  -0.94796E-07   0.14259E-04  -0.90162E-04  -0.10368E+00
   0.18716E+02  -0.14875E-08  -0.96526E-07   0.15128E-04  -0.94365E-04  -0.11003E+00
   0.18865E+02  -0.15006E-08  -0.97241E-07   0.15557E-04  -0.96200E-04  -0.11316E+00
   0.19184E+02  -0.15184E-08  -0.98312E-07   0.16394E-04  -0.99280E-04  -0.11929E+00
   0.19680E+02  -0.15180E-08  -0.98797E-07   0.17492E-04  -0.10208E-03  -0.12734E+00
   0.20240E+02  -0.14743E-08  -0.97734E-07   0.18424E-04  -0.10275E-03  -0.13419E+00
   0.20736E+02  -0.13965E-08  -0.95516E-07   0.18975E-04  -0.10151E-03  -0.13826E+00
   0.21055E+02  -0.13278E-08  -0.93532E-07   0.19194E-04  -0.99938E-04  -0.13989E+00
   0.21223E+02  -0.12859E-08  -0.92324E-07   0.19267E-04  -0.98893E-04  -0.14044E+00
   0.21582E+02  -0.11856E-08  -0.89420E-07   0.19328E-04  -0.96232E-04  -0.14092E+00
   0.22140E+02  -0.10058E-08  -0.84108E-07   0.19172E-04  -0.91061E-04  -0.13983E+00
   0.22770E+02  -0.78576E-09  -0.77179E-07   0.18643E-04  -0.84038E-04  -0.13603E+00
   0.23329E+02  -0.59492E-09  -0.70432E-07   0.17885E-04  -0.77054E-04  -0.13055E+00
   0.23687E+02  -0.48203E-09  -0.65884E-07   0.17266E-04  -0.72300E-04  -0.12605E+00
   0.23876E+02  -0.42672E-09  -0.63428E-07   0.16898E-04  -0.69721E-04  -0.12338E+00
   0.24280E+02  -0.32104E-09  -0.58119E-07   0.16032E-04  -0.64130E-04  -0.11708E+00
   0.24907E+02  -0.19138E-09  -0.49720E-07   0.14468E-04  -0.55249E-04  -0.10569E+00
   0.25617E+02  -0.94452E-10  -0.40235E-07   0.12431E-04  -0.45190E-04  -0.90844E-01
   0.26245E+02  -0.44625E-10  -0.31994E-07   0.10429E-04  -0.36439E-04  -0.76233E-01
   0.26648E+02  -0.25664E-10  -0.26840E-07   0.90637E-05  -0.30964E-04  -0.66263E-01
   0.26861E+02  -0.18643E-10  -0.24166E-07   0.83200E-05  -0.28125E-04  -0.60832E-01
   0.27314E+02  -0.87514E-11  -0.18624E-07   0.66972E-05  -0.22240E-04  -0.48975E-01
   0.28021E+02  -0.20167E-11  -0.10425E-07   0.40832E-05  -0.13541E-04  -0.29866E-01
   0.28819E+02  -0.17700E-12  -0.18881E-08   0.10568E-05  -0.44964E-05  -0.77292E-02
   0.29525E+02  -0.30876E-14   0.49757E-08  -0.16409E-05   0.27636E-05   0.12014E-01
   0.29979E+02  -0.97153E-18   0.90235E-08  -0.33622E-05   0.70387E-05   0.24615E-01
   0.30219E+02   0.00000E+00   0.11050E-07  -0.42656E-05   0.91772E-05   0.31230E-01
   0.30729E+02   0.00000E+00   0.15095E-07  -0.61626E-05   0.13441E-04   0.45124E-01
   0.31524E+02   0.00000E+00   0.20686E-07  -0.90304E-05   0.19323E-04   0.66136E-01
   0.32421E+02   0.00000E+00   0.25984E-07  -0.12099E-04   0.24884E-04   0.88633E-01
   0.33216E+02   0.00000E+00   0.29819E-07  -0.14633E-04   0.28901E-04   0.10721E+00
   0.33726E+02   0.00000E+00   0.31881E-07  -0.16156E-04   0.31057E-04   0.11838E+00
   0.33996E+02   0.00000E+00   0.32852E-07  -0.16927E-04   0.32071E-04   0.12404E+00
   0.34570E+02   0.00000E+00   0.34652E-07  -0.18483E-04   0.33951E-04   0.13546E+00
   0.35464E+02   0.00000E+00   0.36789E-07  -0.20674E-04   0.36181E-04   0.15155E+00
   0.36474E+02   0.00000E+00   0.38323E-07  -0.22794E-04   0.37786E-04   0.16712E+00
   0.37368E+02   0.00000E+00   0.39002E-07  -0.24357E-04   0.38505E-04   0.17860E+00
   0.37942E+02   0.00000E+00   0.39145E-07  -0.25205E-04   0.38666E-04   0.18484E+00
   0.38245E+02   0.00000E+00   0.39138E-07  -0.25605E-04   0.38666E-04   0.18779E+00
   0.38891E+02   0.00000E+00   0.38949E-07  -0.26349E-04   0.38490E-04   0.19326E+00
   0.39897E+02   0.00000E+00   0.38244E-07  -0.27224E-04   0.37797E-04   0.19971E+00
   0.41033E+02   0.00000E+00   0.36958E-07  -0.27823E-04   0.36521E-04   0.20413E+00
   0.42039E+02   0.00000E+00   0.35488E-07  -0.28036E-04   0.35060E-04   0.20571E+00
   0.42684E+02   0.00000E+00   0.34420E-07  -0.28030E-04   0.33999E-04   0.20568E+00
   0.43026E+02   0.00000E+00   0.33825E-07  -0.27985E-04   0.33406E-04   0.20536E+00
   0.43752E+02   0.00000E+00   0.32500E-07  -0.27800E-04   0.32090E-04   0.20402E+00
   0.44884E+02   0.00000E+00   0.30328E-07  -0.27293E-04   0.29933E-04   0.20031E+00
   0.46162E+02   0.00000E+00   0.27792E-07  -0.26448E-04   0.27420E-04   0.19413E+00
   0.47294E+02   0.00000E+00   0.25541E-07  -0.25506E-04   0.25190E-04   0.18722E+00
   0.48020E+02   0.00000E+00   0.24115E-07  -0.24824E-04   0.23779E-04   0.18223E+00
   0.48404E+02   0.00000E+00   0.23371E-07  -0.24443E-04   0.23043E-04   0.17944E+00
   0.49222E+02   0.00000E+00   0.21818E-07  -0.23595E-04   0.21508E-04   0.17321E+00
   0.50495E+02   0.00000E+00   0.19501E-07  -0.22191E-04   0.19218E-04   0.16292E+00
   0.51932E+02   0.00000E+00   0.17058E-07  -0.20531E-04   0.16806E-04   0.15074E+00
   0.53205E+02   0.00000E+00   0.15066E-07  -0.19031E-04   0.14841E-04   0.13973E+00
   0.54023E+02   0.00000E+00   0.13875E-07  -0.18068E-04   0.13667E-04   0.13266E+00
   0.54455E+02   0.00000E+00   0.13273E-07  -0.17561E-04   0.13073E-04   0.12894E+00
   0.55374E+02   0.00000E+00   0.12057E-07  -0.16494E-04   0.11875E-04   0.12111E+00
   0.56806E+02   0.00000E+00   0.10334E-07  -0.14875E-04   0.10177E-04   0.10923E+00
   0.58424E+02   0.00000E+00   0.86300E-08  -0.13137E-04   0.84982E-05   0.96470E-01
   0.59856E+02   0.00000E+00   0.73203E-08  -0.11697E-04   0.72092E-05   0.85898E-01
   0.60775E+02   0.00000E+00   0.65708E-08  -0.10828E-04   0.64725E-05   0.79512E-01
   0.61262E+02   0.00000E+00   0.62012E-08  -0.10385E-04   0.61097E-05   0.76265E-01
   0.62296E+02   0.00000E+00   0.54729E-08  -0.94869E-05   0.53964E-05   0.69668E-01
   0.63907E+02   0.00000E+00   0.44804E-08  -0.81998E-05   0.44305E-05   0.60217E-01
   0.65727E+02   0.00000E+00   0.35366E-08  -0.69043E-05   0.35257E-05   0.50704E-01
   0.67338E+02   0.00000E+00   0.28293E-08  -0.58861E-05   0.28638E-05   0.43227E-01
   0.68372E+02   0.00000E+00   0.24282E-08  -0.52912E-05   0.24979E-05   0.38859E-01
   0.68919E+02   0.00000E+00   0.22308E-08  -0.49940E-05   0.23208E-05   0.36676E-01
   0.70083E+02   0.00000E+00   0.18425E-08  -0.44009E-05   0.19791E-05   0.32321E-01
   0.71896E+02   0.00000E+00   0.13176E-08  -0.35792E-05   0.15309E-05   0.26286E-01
   0.73943E+02   0.00000E+00   0.83760E-09  -0.27958E-05   0.11305E-05   0.20533E-01
   0.75755E+02   0.00000E+00   0.51194E-09  -0.22216E-05   0.85467E-06   0.16316E-01
   0.76919E+02   0.00000E+00   0.35158E-09  -0.19046E-05   0.70980E-06   0.13988E-01
   0.77534E+02   0.00000E+00   0.28160E-09  -0.17504E-05   0.64164E-06   0.12856E-01
   0.78843E+02   0.00000E+00   0.16461E-09  -0.14452E-05   0.51228E-06   0.10615E-01
   0.80883E+02   0.00000E+00   0.56098E-10  -0.10011E-05   0.33911E-06   0.73527E-02
   0.83185E+02   0.00000E+00   0.88514E-11  -0.50989E-06   0.16635E-06   0.37449E-02
   0.85225E+02   0.00000E+00   0.37623E-12  -0.13443E-06   0.42918E-07   0.98732E-03
   0.86534E+02   0.00000E+00   0.62353E-15  -0.64359E-08   0.20356E-08   0.47269E-04
